-------------------------------------------------------------FIRST CLASS----------------------------------------------------------------------------
食品饮料、酒水
---------------------------SECOND CLASS-------------------
饮料饮品---http://www.yihaodian.com/ctg/s2/c5138-%E9%A5%AE%E6%96%99%E9%A5%AE%E5%93%81/
-------------------------------CLASS THREE  BEGIN -------------------
饮用水---http://www.yihaodian.com/ctg/s2/c5228-%E9%A5%AE%E7%94%A8%E6%B0%B4/
32899
1112265
23732
2917758
1041722
1041787
48391
26665
2981892
3652118
900096
5265
1381820
24191
13406
32894
23731
1041736
44608
1041719
5273
5266
2712279
2984290
1144938
1041710
49754
1446882
1446883
4195437
1025106
1043123
50492
1090382
953259
1257783
4261040
-------------------------------CLASS THREE  BEGIN -------------------
碳酸饮料---http://www.yihaodian.com/ctg/s2/c5224-%E7%A2%B3%E9%85%B8%E9%A5%AE%E6%96%99/
2726376
2716451
2001323
2983713
2983721
2161001
2187868
20112
2726610
2006344
2001324
32687
27926
20505
20060
1144760
1122444
2006358
2726611
2001325
48397
1112341
42131
2556160
1041786
27925
2001322
1971517
1210914
1122620
900801
2531830
23570
1112426
21702
1122449
-------------------------------CLASS THREE  BEGIN -------------------
茶饮料---http://www.yihaodian.com/ctg/s2/c5227-%E8%8C%B6%E9%A5%AE%E6%96%99/
2579137
2056331
962473
19512
26379
1053922
23728
24186
20657
1112160
11433
3838
970304
900860
8229
8228
2475542
8011
4743
964628
3840
8006
4373
30892
14076
1165003
2770193
1151789
12918
8762
25728
1989546
1016179
8501
16291
8761
-------------------------------CLASS THREE  BEGIN -------------------
果汁---http://www.yihaodian.com/ctg/s2/c5225-%E6%9E%9C%E6%B1%81/
3697123
900161
26450
1151782
19408
3078510
1041988
8327
30569
13843
1112454
1122440
1144764
1041981
2184885
22214
2565319
1135564
953621
1079987
2821035
22215
1041980
3981867
1105595
1112452
18533
1041803
26451
2378977
1124297
49763
1135563
8329
26452
1079994
-------------------------------CLASS THREE  BEGIN -------------------
运动/功能饮料---http://www.yihaodian.com/ctg/s2/c5226-%E8%BF%90%E5%8A%A8-%E5%8A%9F%E8%83%BD%E9%A5%AE%E6%96%99/
2373378
19951
11757
1059554
11724
32890
14544
968165
1112223
18526
11756
23571
11760
1041820
11744
30574
30576
26670
4422
30888
30889
4424
970309
26449
21043
11759
2548651
4423
900282
30575
11758
1041821
11741
1944048
1117752
1079953
1041777
-------------------------------CLASS THREE  BEGIN -------------------
咖啡饮料---http://www.yihaodian.com/ctg/s2/c21606-%E5%92%96%E5%95%A1%E9%A5%AE%E6%96%99/
2185850
32988
1087710
1215622
1058753
1012194
967881
6739
17345
3841
969223
968165
2986019
2126605
30913
967879
1012199
43716
1944048
1012198
999752
1252250
31006
30908
996382
1001384
30912
2985892
2126607
996384
30914
31005
30909
2985861
2126606
31614
-------------------------------CLASS THREE  BEGIN -------------------
乳品---http://www.yihaodian.com/ctg/s2/c5229-%E4%B9%B3%E5%93%81/
1971537
49465
1041877
4747
32901
4748
32900
4749
953124
953125
1043048
900706
1041721
48395
25742
9499
1041728
46530
1417651
1034600
1041720
48396
19957
9497
54754
1043119
54756
1041860
979167
1003012
1112321
48394
1042958
900718
1003011
1999845
---------------------------SECOND CLASS-------------------
月饼票券---http://www.yihaodian.com/ctg/s2/c5166-%E6%9C%88%E9%A5%BC%E7%A5%A8%E5%88%B8/
-------------------------------CLASS THREE  BEGIN -------------------
月饼券---http://www.yihaodian.com/ctg/s2/c7804-%E6%9C%88%E9%A5%BC%E5%88%B8/
